# Created by Octave 4.0.2, Mon Jul 04 16:54:47 2016 EDT <yassinebha@noisetier>
# name: index_html
# type: scalar struct
# ndims: 2
 1 1
# length: 5
# name: start_time
# type: matrix
# rows: 1
# columns: 6
 2016 7 4 16 54 28.007157


# name: end_time
# type: matrix
# rows: 1
# columns: 6
 2016 7 4 16 54 28.012583


# name: elapsed_time
# type: scalar
0.00542449951171875


# name: seed
# type: scalar
212493.4562


# name: nb_submit
# type: scalar
1




# name: init_report
# type: scalar struct
# ndims: 2
 1 1
# length: 5
# name: start_time
# type: matrix
# rows: 1
# columns: 6
 2016 7 4 16 54 26.426204


# name: end_time
# type: matrix
# rows: 1
# columns: 6
 2016 7 4 16 54 26.739196


# name: elapsed_time
# type: scalar
0.3129959106445312


# name: seed
# type: scalar
212335.9875


# name: nb_submit
# type: scalar
1




# name: report_A1470
# type: scalar struct
# ndims: 2
 1 1
# length: 5
# name: start_time
# type: matrix
# rows: 1
# columns: 6
 2016 7 4 16 53 8.165781000000001


# name: end_time
# type: matrix
# rows: 1
# columns: 6
 2016 7 4 16 53 33.820492


# name: elapsed_time
# type: scalar
25.65471649169922


# name: seed
# type: scalar
210411.4053


# name: nb_submit
# type: scalar
1




# name: report_A1522
# type: scalar struct
# ndims: 2
 1 1
# length: 5
# name: start_time
# type: matrix
# rows: 1
# columns: 6
 2016 7 4 16 53 8.268058999999999


# name: end_time
# type: matrix
# rows: 1
# columns: 6
 2016 7 4 16 53 33.124676


# name: elapsed_time
# type: scalar
24.85662078857422


# name: seed
# type: scalar
210419.3917


# name: nb_submit
# type: scalar
1




# name: report_A1568
# type: scalar struct
# ndims: 2
 1 1
# length: 5
# name: start_time
# type: matrix
# rows: 1
# columns: 6
 2016 7 4 16 53 8.287934999999999


# name: end_time
# type: matrix
# rows: 1
# columns: 6
 2016 7 4 16 53 32.581782


# name: elapsed_time
# type: scalar
24.29384613037109


# name: seed
# type: scalar
210417.4144


# name: nb_submit
# type: scalar
1




# name: report_A1587
# type: scalar struct
# ndims: 2
 1 1
# length: 5
# name: start_time
# type: matrix
# rows: 1
# columns: 6
 2016 7 4 16 53 8.284369999999999


# name: end_time
# type: matrix
# rows: 1
# columns: 6
 2016 7 4 16 53 34.245938


# name: elapsed_time
# type: scalar
25.96157073974609


# name: seed
# type: scalar
210420.1622


# name: nb_submit
# type: scalar
1




# name: report_A1611
# type: scalar struct
# ndims: 2
 1 1
# length: 5
# name: start_time
# type: matrix
# rows: 1
# columns: 6
 2016 7 4 16 53 8.392759999999999


# name: end_time
# type: matrix
# rows: 1
# columns: 6
 2016 7 4 16 53 32.513472


# name: elapsed_time
# type: scalar
24.12071228027344


# name: seed
# type: scalar
210434.2432


# name: nb_submit
# type: scalar
1




# name: report_A1623
# type: scalar struct
# ndims: 2
 1 1
# length: 5
# name: start_time
# type: matrix
# rows: 1
# columns: 6
 2016 7 4 16 53 8.341355


# name: end_time
# type: matrix
# rows: 1
# columns: 6
 2016 7 4 16 53 33.273848


# name: elapsed_time
# type: scalar
24.9324951171875


# name: seed
# type: scalar
210425.4069


# name: nb_submit
# type: scalar
1




# name: report_A1642
# type: scalar struct
# ndims: 2
 1 1
# length: 5
# name: start_time
# type: matrix
# rows: 1
# columns: 6
 2016 7 4 16 53 8.542325


# name: end_time
# type: matrix
# rows: 1
# columns: 6
 2016 7 4 16 53 33.859121


# name: elapsed_time
# type: scalar
25.31679534912109


# name: seed
# type: scalar
210438.9595


# name: nb_submit
# type: scalar
1




# name: report_A1731
# type: scalar struct
# ndims: 2
 1 1
# length: 5
# name: start_time
# type: matrix
# rows: 1
# columns: 6
 2016 7 4 16 53 22.120665


# name: end_time
# type: matrix
# rows: 1
# columns: 6
 2016 7 4 16 53 43.501593


# name: elapsed_time
# type: scalar
21.38092803955078


# name: seed
# type: scalar
211803.5131


# name: nb_submit
# type: scalar
1




# name: report_A1773
# type: scalar struct
# ndims: 2
 1 1
# length: 5
# name: start_time
# type: matrix
# rows: 1
# columns: 6
 2016 7 4 16 53 33.526259


# name: end_time
# type: matrix
# rows: 1
# columns: 6
 2016 7 4 16 53 53.847083


# name: elapsed_time
# type: scalar
20.32082366943359


# name: seed
# type: scalar
212948.8991


# name: nb_submit
# type: scalar
1




# name: report_A1790
# type: scalar struct
# ndims: 2
 1 1
# length: 5
# name: start_time
# type: matrix
# rows: 1
# columns: 6
 2016 7 4 16 53 33.683341


# name: end_time
# type: matrix
# rows: 1
# columns: 6
 2016 7 4 16 53 54.263997


# name: elapsed_time
# type: scalar
20.58065795898438


# name: seed
# type: scalar
212964.2213


# name: nb_submit
# type: scalar
1




# name: report_A1820
# type: scalar struct
# ndims: 2
 1 1
# length: 5
# name: start_time
# type: matrix
# rows: 1
# columns: 6
 2016 7 4 16 53 34.452105


# name: end_time
# type: matrix
# rows: 1
# columns: 6
 2016 7 4 16 53 57.027321


# name: elapsed_time
# type: scalar
22.57521820068359


# name: seed
# type: scalar
213040.3152


# name: nb_submit
# type: scalar
1




# name: report_A1820B
# type: scalar struct
# ndims: 2
 1 1
# length: 5
# name: start_time
# type: matrix
# rows: 1
# columns: 6
 2016 7 4 16 53 34.619961


# name: end_time
# type: matrix
# rows: 1
# columns: 6
 2016 7 4 16 53 57.802834


# name: elapsed_time
# type: scalar
23.18286895751953


# name: seed
# type: scalar
213054.0765


# name: nb_submit
# type: scalar
1




# name: report_B1658
# type: scalar struct
# ndims: 2
 1 1
# length: 5
# name: start_time
# type: matrix
# rows: 1
# columns: 6
 2016 7 4 16 53 34.811645


# name: end_time
# type: matrix
# rows: 1
# columns: 6
 2016 7 4 16 53 58.36291


# name: elapsed_time
# type: scalar
23.55126190185547


# name: seed
# type: scalar
213075.8268


# name: nb_submit
# type: scalar
1




# name: report_B1687
# type: scalar struct
# ndims: 2
 1 1
# length: 5
# name: start_time
# type: matrix
# rows: 1
# columns: 6
 2016 7 4 16 53 35.052122


# name: end_time
# type: matrix
# rows: 1
# columns: 6
 2016 7 4 16 53 57.348668


# name: elapsed_time
# type: scalar
22.29654693603516


# name: seed
# type: scalar
213097.8372


# name: nb_submit
# type: scalar
1




# name: report_B1783
# type: scalar struct
# ndims: 2
 1 1
# length: 5
# name: start_time
# type: matrix
# rows: 1
# columns: 6
 2016 7 4 16 53 35.464584


# name: end_time
# type: matrix
# rows: 1
# columns: 6
 2016 7 4 16 53 58.395596


# name: elapsed_time
# type: scalar
22.93101501464844


# name: seed
# type: scalar
213137.8264


# name: nb_submit
# type: scalar
1




# name: report_C2063
# type: scalar struct
# ndims: 2
 1 1
# length: 5
# name: start_time
# type: matrix
# rows: 1
# columns: 6
 2016 7 4 16 53 45.016506


# name: end_time
# type: matrix
# rows: 1
# columns: 6
 2016 7 4 16 54 3.933968


# name: elapsed_time
# type: scalar
18.91746520996094


# name: seed
# type: scalar
214093.843


# name: nb_submit
# type: scalar
1




# name: report_C2065
# type: scalar struct
# ndims: 2
 1 1
# length: 5
# name: start_time
# type: matrix
# rows: 1
# columns: 6
 2016 7 4 16 53 54.758475


# name: end_time
# type: matrix
# rows: 1
# columns: 6
 2016 7 4 16 54 14.551304


# name: elapsed_time
# type: scalar
19.79283142089844


# name: seed
# type: scalar
215071.1225


# name: nb_submit
# type: scalar
1




# name: report_C2106
# type: scalar struct
# ndims: 2
 1 1
# length: 5
# name: start_time
# type: matrix
# rows: 1
# columns: 6
 2016 7 4 16 53 55.570796


# name: end_time
# type: matrix
# rows: 1
# columns: 6
 2016 7 4 16 54 15.396289


# name: elapsed_time
# type: scalar
19.82549285888672


# name: seed
# type: scalar
215152.7472


# name: nb_submit
# type: scalar
1




# name: report_D2098
# type: scalar struct
# ndims: 2
 1 1
# length: 5
# name: start_time
# type: matrix
# rows: 1
# columns: 6
 2016 7 4 16 53 58.417823


# name: end_time
# type: matrix
# rows: 1
# columns: 6
 2016 7 4 16 54 20.444489


# name: elapsed_time
# type: scalar
22.02666473388672


# name: seed
# type: scalar
215431.6857


