# Created by Octave 4.0.2, Mon Jul 04 16:54:49 2016 EDT <yassinebha@noisetier>
# name: curr_time
# type: matrix
# rows: 1
# columns: 6
 2016 7 4 16 54 49.296003


